257375
257394
257396
257397
257399
257400
257461
257487
257490
257531
257599
257613
257645
257682
257723
257725
257734
257751
257805
257816
257819
257822
257823
257825
257968
257969
258129
258136
258157
258158
258159
258175
258177
258211
258213
258214
258287
258313
258320
258335
258403
258425
258427
258428
258434
258440
258443
258444
258445
258446
258448
258656
258694
258702
258703
258705
258706
258712
258713
258714
258741
258742
258745
258749
258750
259162
259163
259164
259167
259201
259202
259207
259208
259236
259237
259351
259352
259385
259388
259399
259429
259431
259626
259636
259637
259685
259686
259721
259809
259810
259811
259818
259820
259821
259822
259861
